 # t     Q(t)          I(t) = dQ/dt
 0.000   0.00000E+00   0.00000E+00
 0.020   0.47232E-02   0.76270E-02
 0.040   0.40738E-02   0.48007E-02
 0.060   0.42254E-02  -0.26357E-02
 0.080   0.41962E-02   0.90040E-03
 0.100   0.42002E-02  -0.24668E-03
 0.120   0.42002E-02   0.56694E-04
 0.140   0.41999E-02  -0.10605E-04
 0.160   0.42000E-02   0.13398E-05
 0.180   0.42000E-02   0.40807E-07
 0.200   0.42000E-02  -0.10023E-06
 0.220   0.42000E-02   0.42875E-07
 0.240   0.42000E-02  -0.13287E-07
 0.260   0.42000E-02   0.33972E-08
 0.280   0.42000E-02  -0.72665E-09
 0.300   0.42000E-02   0.12155E-09
