  -10.000000000000000        9.8071898582879875     
  -9.9600000008940697        9.7907551069849532     
  -9.9200000017881393        9.7416165749709496     
  -9.8800000026822090        9.6602716257708163     
  -9.8400000035762787        9.5475423985229195     
  -9.8000000044703484        9.4045656998970149     
  -9.7600000053644180        9.2327790421106748     
  -9.7200000062584877        9.0339030132096383     
  -9.6800000071525574        8.8099202144753530     
  -9.6400000080466270        8.5630510452404121     
  -9.6000000089406967        8.2957266568993031     
  -9.5600000098347664        8.0105594349218752     
  -9.5200000107288361        7.7103113997008146     
  -9.4800000116229057        7.3978609436531233     
  -9.4400000125169754        7.0761683427890363     
  -9.4000000134110451        6.7482404956826603     
  -9.3600000143051147        6.4170953512366999     
  -9.3200000151991844        6.0857264887283717     
  -9.2800000160932541        5.7570683093453594     
  -9.2400000169873238        5.4339622878502682     
  -9.2000000178813934        5.1191247163204441     
  -9.1600000187754631        4.8151163493540912     
  -9.1200000196695328        4.5243143320535006     
  -9.0800000205636024        4.2488867589096504     
  -9.0400000214576721        3.9907701739083286     
  -9.0000000223517418        3.7516502803091885     
  -8.9600000232458115        3.5329460832248119     
  -8.9200000241398811        3.3357976400023603     
  -8.8800000250339508        3.1610575431785963     
  -8.8400000259280205        3.0092862091595971     
  -8.8000000268220901        2.8807509935053699     
  -8.7600000277161598        2.7754291015187729     
  -8.7200000286102295        2.6930142114838365     
  -8.6800000295042992        2.6329266780919585     
  -8.6400000303983688        2.5943271360296372     
  -8.6000000312924385        2.5761332790370073     
  -8.5600000321865082        2.5770395485951139     
  -8.5200000330805779        2.5955394293198748     
  -8.4800000339746475        2.6299500156285815     
  -8.4400000348687172        2.6784384867277615     
  -8.4000000357627869        2.7390501048013087     
  -8.3600000366568565        2.8097373347283932     
  -8.3200000375509262        2.8883896729206664     
  -8.2800000384449959        2.9728637680424814     
  -8.2400000393390656        3.0610134174837094     
  -8.2000000402331352        3.1507190304240527     
  -8.1600000411272049        3.2399161610077369     
  -8.1200000420212746        3.3266227333032226     
  -8.0800000429153442        3.4089646030418259     
  -8.0400000438094139        3.4851991292268565     
  -8.0000000447034836        3.5537364611291977     
  -7.9600000455975533        3.6131582824255570     
  -7.9200000464916229        3.6622337937293485     
  -7.8800000473856926        3.6999327569063838     
  -7.8400000482797623        3.7254354687196209     
  -7.8000000491738319        3.7381395768470504     
  -7.7600000500679016        3.7376636974881570     
  -7.7200000509619713        3.7238478399375969     
  -7.6800000518560410        3.6967506889868513     
  -7.6400000527501106        3.6566438401584094     
  -7.6000000536441803        3.6040031249521562     
  -7.5600000545382500        3.5394972028945264     
  -7.5200000554323196        3.4639736336758813     
  -7.4800000563263893        3.3784426755407257     
  -7.4400000572204590        3.2840590849174349     
  -7.4000000581145287        3.1821022166629422     
  -7.3600000590085983        3.0739547439466919     
  -7.3200000599026680        2.9610803314747161     
  -7.2800000607967377        2.8450006053030013     
  -7.2400000616908073        2.7272717668321169     
  -7.2000000625848770        2.6094611977136206     
  -7.1600000634789467        2.4931243964128100     
  -7.1200000643730164        2.3797825762175622     
  -7.0800000652670860        2.2709012387883889     
  -7.0400000661611557        2.1678700172080450     
  -7.0000000670552254        2.0719840582722617     
  -6.9600000679492950        1.9844271858854889     
  -6.9200000688433647        1.9062570563575207     
  -6.8800000697374344        1.8383924826519611     
  -6.8400000706315041        1.7816030687639886     
  -6.8000000715255737        1.7365012579775683     
  -6.7600000724196434        1.7035368603628360     
  -6.7200000733137131        1.6829940861225767     
  -6.6800000742077827        1.6749910728809976     
  -6.6400000751018524        1.6794818573160979     
  -6.6000000759959221        1.6962607052374039     
  -6.5600000768899918        1.7249686798438484     
  -6.5200000777840614        1.7651022959664904     
  -6.4800000786781311        1.8160240790681139     
  -6.4400000795722008        1.8769748220471156     
  -6.4000000804662704        1.9470873108304032     
  -6.3600000813603401        2.0254012716328491     
  -6.3200000822544098        2.1108792788368018     
  -6.2800000831484795        2.2024233528645567     
  -6.2400000840425491        2.2988919722697303     
  -6.2000000849366188        2.3991172235796525     
  -6.1600000858306885        2.5019218161297871     
  -6.1200000867247581        2.6061356971231837     
  -6.0800000876188278        2.7106120142378178     
  -6.0400000885128975        2.8142421890437253     
  -6.0000000894069672        2.9159698839737973     
  -5.9600000903010368        3.0148036682577302     
  -5.9200000911951065        3.1098282136714381     
  -5.8800000920891762        3.2002138787289924     
  -5.8400000929832458        3.2852245695721316     
  -5.8000000938773155        3.3642237967907684     
  -5.7600000947713852        3.4366788792178591     
  -5.7200000956654549        3.5021632778557774     
  -5.6800000965595245        3.5603570749828211     
  -5.6400000974535942        3.6110456446394164     
  -5.6000000983476639        3.6541165906034547     
  -5.5600000992417336        3.6895550561570198     
  -5.5200001001358032        3.7174375359789997     
  -5.4800001010298729        3.7379243439653291     
  -5.4400001019239426        3.7512509113214696     
  -5.4000001028180122        3.7577181065823004     
  -5.3600001037120819        3.7576817830388589     
  -5.3200001046061516        3.7515417691958963     
  -5.2800001055002213        3.7397305242155618     
  -5.2400001063942909        3.7227016827517208     
  -5.2000001072883606        3.7009187121407430     
  -5.1600001081824303        3.6748438996459765     
  -5.1200001090764999        3.6449278784752654     
  -5.0800001099705696        3.6115998887834180     
  -5.0400001108646393        3.5752589540713231     
  -5.0000001117587090        3.5362661345897264     
  -4.9600001126527786        3.4949379978842576     
  -4.9200001135468483        3.4515414228581771     
  -4.8800001144409180        3.4062898280926839     
  -4.8400001153349876        3.3593408880942501     
  -4.8000001162290573        3.3107957730965354     
  -4.7600001171231270        3.2606999195073718     
  -4.7200001180171967        3.2090453095415863     
  -4.6800001189112663        3.1557742104973974     
  -4.6400001198053360        3.1007842969881496     
  -4.6000001206994057        3.0439350536850944     
  -4.5600001215934753        2.9850553321881521     
  -4.5200001224875450        2.9239519139173771     
  -4.4800001233816147        2.8604189117663332     
  -4.4400001242756844        2.7942478269954916     
  -4.4000001251697540        2.7252380647361041     
  -4.3600001260638237        2.6532077017374194     
  -4.3200001269578934        2.5780042937814915     
  -4.2800001278519630        2.4995155076114282     
  -4.2400001287460327        2.4176793633117857     
  -4.2000001296401024        2.3324938778258897     
  -4.1600001305341721        2.2440259086162113     
  -4.1200001314282417        2.1524190082345833     
  -4.0800001323223114        2.0579001155780285     
  -4.0400001332163811        1.9607849276192173     
  -4.0000001341104507        1.8614818161263298     
  -3.9600001350045204        1.7604941769902356     
  -3.9200001358985901        1.6584211248836025     
  -3.8800001367926598        1.5559564726824586     
  -3.8400001376867294        1.4538859629551060     
  -3.8000001385807991        1.3530827474175824     
  -3.7600001394748688        1.2545011391100065     
  -3.7200001403689384        1.1591686906999570     
  -3.6800001412630081        1.0681766803089219     
  -3.6400001421570778       0.98266911313666694     
  -3.6000001430511475       0.90383037249585518     
  -3.5600001439452171       0.83287167726045808     
  -3.5200001448392868       0.77101652380159869     
  -3.4800001457333565       0.71948530889725615     
  -3.4400001466274261       0.67947934556297918     
  -3.4000001475214958       0.65216449601171278     
  -3.3600001484155655       0.63865465481588013     
  -3.3200001493096352       0.63999532067016551     
  -3.2800001502037048       0.65714749685248108     
  -3.2400001510977745       0.69097215852281058     
  -3.2000001519918442       0.74221551941201480     
  -3.1600001528859138       0.81149532131951585     
  -3.1200001537799835       0.89928835729834244     
  -3.0800001546740532        1.0059194236507607     
  -3.0400001555681229        1.1315518771285373     
  -3.0000001564621925        1.2761799523159432     
  -2.9600001573562622        1.4396229703988661     
  -2.9200001582503319        1.6215215447531857     
  -2.8800001591444016        1.8213358614134272     
  -2.8400001600384712        2.0383460839252314     
  -2.8000001609325409        2.2716549027759254     
  -2.7600001618266106        2.5201922199802040     
  -2.7200001627206802        2.7827219299188943     
  -2.6800001636147499        3.0578507286306023     
  -2.6400001645088196        3.3440388558702092     
  -2.6000001654028893        3.6396126477883302     
  -2.5600001662969589        3.9427787534421630     
  -2.5200001671910286        4.2516398458798959     
  -2.4800001680850983        4.5642116385727940     
  -2.4400001689791679        4.8784410007846564     
  -2.4000001698732376        5.1922249513075904     
  -2.3600001707673073        5.5034302990463768     
  -2.3200001716613770        5.8099136913429641     
  -2.2800001725554466        6.1095418267845725     
  -2.2400001734495163        6.4002115885691753     
  -2.2000001743435860        6.6798698572905391     
  -2.1600001752376556        6.9465327681797371     
  -2.1200001761317253        7.1983041872769995     
  -2.0800001770257950        7.4333931935338251     
  -2.0400001779198647        7.6501303692413680     
  -2.0000001788139343        7.8469827191859718     
  -1.9600001797080040        8.0225670592467200     
  -1.9200001806020737        8.1756617374419154     
  -1.8800001814961433        8.3052165743416566     
  -1.8400001823902130        8.4103609349122870     
  -1.8000001832842827        8.4904098698504189     
  -1.7600001841783524        8.5448682908945131     
  -1.7200001850724220        8.5734331710664140     
  -1.6800001859664917        8.5759937868902227     
  -1.6400001868605614        8.5526300449725419     
  -1.6000001877546310        8.5036089595315776     
  -1.5600001886487007        8.4293793701819695     
  -1.5200001895427704        8.3305650101954480     
  -1.4800001904368401        8.2079560542737884     
  -1.4400001913309097        8.0624992913389750     
  -1.4000001922249794        7.8952870817539509     
  -1.3600001931190491        7.7075452695695592     
  -1.3200001940131187        7.5006202287285522     
  -1.2800001949071884        7.2759652275732769     
  -1.2400001958012581        7.0351262984753635     
  -1.2000001966953278        6.7797277989580431     
  -1.1600001975893974        6.5114578473863887     
  -1.1200001984834671        6.2320538102745866     
  -1.0800001993775368        5.9432880096636937     
  -1.0400002002716064        5.6469538080589023     
  -1.0000002011656761        5.3448522153187943     
 -0.96000020205974579        5.0387791469307377     
 -0.92000020295381546        4.7305134465812468     
 -0.88000020384788513        4.4218057681572045     
 -0.84000020474195480        4.1143683936271058     
 -0.80000020563602448        3.8098660439951897     
 -0.76000020653009415        3.5099077210456375     
 -0.72000020742416382        3.2160395982449490     
 -0.68000020831823349        2.9297389602895381     
 -0.64000020921230316        2.6524091726980297     
 -0.60000021010637283        2.3853756458615791     
 -0.56000021100044250        2.1298827423653197     
 -0.52000021189451218        1.8870915624336342     
 -0.48000021278858185        1.6580785302545420     
 -0.44000021368265152        1.4438346938893747     
 -0.40000021457672119        1.2452656436190945     
 -0.36000021547079086        1.0631919480234078     
 -0.32000021636486053       0.89835000389345510     
 -0.28000021725893021       0.75139319526169557     
 -0.24000021815299988       0.62289325836612464     
 -0.20000021904706955       0.51334175317994923     
 -0.16000021994113922       0.42315154812129130     
 -0.12000022083520889       0.35265823255753059     
  -8.0000221729278564E-002  0.30212138154829410     
  -4.0000222623348236E-002  0.27172560870772583     
  -2.2351741790771484E-007  0.26158135585999021     
   3.9999775588512421E-002  0.27172538203697044     
   7.9999774694442749E-002  0.30212092902871429     
  0.11999977380037308       0.35265755583667169     
  0.15999977290630341       0.42315064967950949     
  0.19999977201223373       0.51334063634080151     
  0.23999977111816406       0.62289192730942422     
  0.27999977022409439       0.75139165503859429     
  0.31999976933002472       0.89834826044278815     
  0.35999976843595505        1.0631900081883912     
  0.39999976754188538        1.2452635151633367     
  0.43999976664781570        1.4438323855111836     
  0.47999976575374603        1.6580760515983410     
  0.51999976485967636        1.8870889240973414     
  0.55999976396560669        2.1298799559025219     
  0.59999976307153702        2.3853727237773512     
  0.63999976217746735        2.6524061284372809     
  0.67999976128339767        2.9297358082169072     
  0.71999976038932800        3.2160363536152756     
  0.75999975949525833        3.5099043999642237     
  0.79999975860118866        3.8098626633672499     
  0.83999975770711899        4.1143649710958101     
  0.87999975681304932        4.4218023220301168     
  0.91999975591897964        4.7305099957450150     
  0.95999975502490997        5.0387757107540718     
  0.99999975413084030        5.3448488135441607     
   1.0399997532367706        5.6469504606833745     
   1.0799997523427010        5.9432847368097130     
   1.1199997514486313        6.2320506320516635     
   1.1599997505545616        6.5114547837448171     
   1.1999997496604919        6.7797248695360670     
   1.2399997487664223        7.0351235224412623     
   1.2799997478723526        7.2759626234640962     
   1.3199997469782829        7.5006178142873248     
   1.3599997460842133        7.7075430615828555     
   1.3999997451901436        7.8952850958919356     
   1.4399997442960739        8.0624975419998677     
   1.4799997434020042        8.2079545544349699     
   1.5199997425079346        8.3305637712731642     
   1.5599997416138649        8.4293784019017668     
   1.5999997407197952        8.5036082698113802     
   1.6399997398257256        8.5526296398202160     
   1.6799997389316559        8.5759936703173274     
   1.7199997380375862        8.5734333450197742     
   1.7599997371435165        8.5448687552068119     
   1.7999997362494469        8.4904106222110052     
   1.8399997353553772        8.4103619708591015     
   1.8799997344613075        8.3052178872747895     
   1.9199997335672379        8.1756633186592680     
   1.9599997326731682        8.0225688980016585     
   1.9999997317790985        7.8469848027668512     
   2.0399997308850288        7.6501326830723313     
   2.0799997299909592        7.4333957212960362     
   2.1199997290968895        7.1983069110491620     
   2.1599997282028198        6.9465356685965807     
   2.1999997273087502        6.6798729137175181     
   2.2399997264146805        6.4002147792915487     
   2.2799997255206108        6.1095451292087173     
   2.3199997246265411        5.8099170822076269     
   2.3599997237324715        5.5034337546414482     
   2.3999997228384018        5.1922284476977172     
   2.4399997219443321        4.8784445140352002     
   2.4799997210502625        4.5642151449752637     
   2.5199997201561928        4.2516433221741261     
   2.5599997192621231        3.9427821770326661     
   2.5999997183680534        3.6396159969521023     
   2.6399997174739838        3.3440421099534161     
   2.6799997165799141        3.0578538682318532     
   2.7199997156858444        2.7827249370567650     
   2.7599997147917747        2.5201950782431770     
   2.7999997138977051        2.2716575974527720     
   2.8399997130036354        2.0383486021144752     
   2.8799997121095657        1.8213381921106089     
   2.9199997112154961        1.6215236789150340     
   2.9599997103214264        1.4396249009837887     
   2.9999997094273567        1.2761816743004835     
   3.0399997085332870        1.1315533874999932     
   3.0799997076392174        1.0059207213762424     
   3.1199997067451477       0.89928944327104854     
   3.1599997058510780       0.81149619828320818     
   3.1999997049570084       0.74221619186504972     
   3.2399997040629387       0.69097263260335107     
   3.2799997031688690       0.65714778020668541     
   3.3199997022747993       0.63999542230546080     
   3.3599997013807297       0.63865458494162797     
   3.3999997004866600       0.65216426586966436     
   3.4399996995925903       0.67947896725006585     
   3.4799996986985207       0.71948479518337316     
   3.5199996978044510       0.77101588794508458     
   3.5599996969103813       0.83287093282388502     
   3.5999996960163116       0.90382953316482928     
   3.6399996951222420       0.98266819254417714     
   3.6799996942281723        1.0681756918676799     
   3.7199996933341026        1.1591676474450268     
   3.7599996924400330        1.2545000535538033     
   3.7999996915459633        1.3530816314191596     
   3.8399996906518936        1.4538848276052769     
   3.8799996897578239        1.5559553282062026     
   3.9199996888637543        1.6584199805607585     
   3.9599996879696846        1.7604930410952646     
   3.9999996870756149        1.8614806958875625     
   4.0399996861815453        1.9607838291977016     
   4.0799996852874756        2.0578990440658047     
   4.1199996843934059        2.1524179676718291     
   4.1599996834993362        2.2440249020264535     
   4.1999996826052666        2.3324929072681311     
   4.2399996817111969        2.4176784299481762     
   4.2799996808171272        2.4995146117888640     
   4.3199996799230576        2.5780034351252681     
   4.3599996790289879        2.6532068792548933     
   4.3999996781349182        2.7252372769281976     
   4.4399996772408485        2.7942470719737345     
   4.4799996763467789        2.8604181873730674     
   4.5199996754527092        2.9239512178467173     
   4.5599996745586395        2.9850546621052971     
   4.5999996736645699        3.0439344073416739     
   4.6399996727705002        3.1007836723313060     
   4.6799996718764305        3.1557736057705004     
   4.7199996709823608        3.2090447233746158     
   4.7599996700882912        3.2606993509951345     
   4.7999996691942215        3.3107952218633434     
   4.8399996683001518        3.3593403543435629     
   4.8799996674060822        3.4062893126408591     
   4.9199996665120125        3.4515409271516302     
   4.9599996656179428        3.4949375239994622     
   4.9999996647238731        3.5362656852162018     
   5.0399996638298035        3.5752585324777093     
   5.0799996629357338        3.6115994987672142     
   5.1199996620416641        3.6449275242971257     
   5.1599996611475945        3.6748435859496547     
   5.1999996602535248        3.7009184438602643     
   5.2399996593594551        3.7227014650073209     
   5.2799996584653854        3.7397303622003850     
   5.3199996575713158        3.7515416680555709     
   5.3599996566772461        3.7576817477461182     
   5.3999996557831764        3.7577181418092258     
   5.4399996548891068        3.7512510213116719     
   5.4799996539950371        3.7379245324086123     
   5.5199996531009674        3.7174378058910014     
   5.5599996522068977        3.6895554097663235     
   5.5999996513128281        3.6541170292485394     
   5.6399996504187584        3.6110461686775501     
   5.6799996495246887        3.5603576837131077     
   5.7199996486306190        3.5021639694581115     
   5.7599996477365494        3.4366796507093875     
   5.7999996468424797        3.3642246440011463     
   5.8399996459484100        3.2852254871386979     
   5.8799996450543404        3.2002148601124216     
   5.9199996441602707        3.1098292511922532     
   5.9599996432662010        3.0148047531537361     
   5.9999996423721313        2.9159710064779230     
   6.0399996414780617        2.8142433384817327     
   6.0799996405839920        2.7106131791446479     
   6.1199996396899223        2.6061368653765316     
   6.1599996387958527        2.5019229750993452     
   6.1999996379017830        2.3991183602897177     
   6.2399996370077133        2.2988930735730655     
   6.2799996361136436        2.2024244056248947     
   6.3199996352195740        2.1108802701172356     
   6.3599996343255043        2.0254021888872940     
   6.3999996334314346        1.9470881420949364     
   6.4399996325373650        1.8769755561283268     
   6.4799996316432953        1.8160247057253003     
   6.5199996307492256        1.7651028060844864     
   6.5599996298551559        1.7249690655937906     
   6.5999996289610863        1.6962609602223688     
   6.6399996280670166        1.6794819766989455     
   6.6799996271729469        1.6749910534921308     
   6.7199996262788773        1.6829939265453073     
   6.7599996253848076        1.7035365609945479     
   6.7999996244907379        1.7365008210651380     
   6.8399996235966682        1.7816024984122558     
   6.8799996227025986        1.8383917848045659     
   6.9199996218085289        1.9062562387497688     
   6.9599996209144592        1.9844262579692344     
   6.9999996200203896        2.0719830311133833     
   7.0399996191263199        2.1678689033574789     
   7.0799996182322502        2.2709000521280136     
   7.1199996173381805        2.3797813317828607     
   7.1599996164441109        2.4931231101943028     
   7.1999996155500412        2.6094598864396952     
   7.2399996146559715        2.7272704477361764     
   7.2799996137619019        2.8449992958779662     
   7.3199996128678322        2.9610790492183532     
   7.3599996119737625        3.0739535061014065     
   7.3999996110796928        3.1821010399537046     
   7.4399996101856232        3.2840579852917755     
   7.4799996092915535        3.3784416679146347     
   7.5199996083974838        3.4639727316894882     
   7.5599996075034142        3.5394964186814044     
   7.5999996066093445        3.6040024689258336     
   7.6399996057152748        3.6566433208195903     
   7.6799996048212051        3.6967503127545669     
   7.7199996039271355        3.7238476110072107     
   7.7599996030330658        3.7376636177187774     
   7.7999996021389961        3.7381396456805427     
   7.8399996012449265        3.7254356831329938     
   7.8799996003508568        3.6999331113988458     
   7.9199995994567871        3.6622342803448329     
   7.9599995985627174        3.6131588908110630     
   7.9999995976686478        3.5537371786287291     
   8.0399995967745781        3.4851999410102450     
   8.0799995958805084        3.4089654922672246     
   8.1199995949864388        3.3266236813115202     
   8.1599995940923691        3.2399171475467008     
   8.1999995931982994        3.1507200338994972     
   8.2399995923042297        3.0610144152346526     
   8.2799995914101601        2.9728647366367307     
   8.3199995905160904        2.8883905884670873     
   8.3599995896220207        2.8097381732017155     
   8.3999995887279510        2.7390508423751125     
   8.4399995878338814        2.6784391001112002     
   8.4799995869398117        2.6299504824021604     
   8.5199995860457420        2.5955397282656008     
   8.5599995851516724        2.5770396600164451     
   8.5999995842576027        2.5761331850639761     
   8.6399995833635330        2.5943268209047670     
   8.6799995824694633        2.6329261284327949     
   8.7199995815753937        2.6930134165181063     
   8.7599995806813240        2.7754280532887297     
   8.7999995797872543        2.8807496870380374     
   8.8399995788931847        3.0092846426001323     
   8.8799995779991150        3.1610557178846515     
   8.9199995771050453        3.3357955605975471     
   8.9599995762109756        3.5329437576101279     
   8.9999995753169060        3.7516477196317566     
   9.0399995744228363        3.9907673924873786     
   9.0799995735287666        4.2488837741203120     
   9.1199995726346970        4.5243111641694504     
   9.1599995717406273        4.8151130213507773     
   9.1999995708465576        5.1191212536411195     
   9.2399995699524879        5.4339587181375490     
   9.2799995690584183        5.7570646621415822     
   9.3199995681643486        6.0857227951484303     
   9.3599995672702789        6.4170916436174386     
   9.3999995663762093        6.7482368072132619     
   9.4399995654821396        7.0761647071271101     
   9.4799995645880699        7.3978573945314139     
   9.5199995636940002        7.7103079705296560     
   9.5599995627999306        8.0105561583924949     
   9.5999995619058609        8.2957235645932457     
   9.6399995610117912        8.5630481672500967     
   9.6799995601177216        8.8099175790408033     
   9.7199995592236519        9.0339006463762619     
   9.7599995583295822        9.2327769674124571     
   9.7999995574355125        9.4045639380694244     
   9.8399995565414429        9.5475409672493718     
   9.8799995556473732        9.6602705394659552     
   9.9199995547533035        9.7416158446037340     
   9.9599995538592339        9.7907547399438659     
   9.9999995529651642        9.8071898582901103     
