  -10.000000000000000        0.0000000000000000     
  -9.9600000008940697        510.66899160191514     
  -9.9200000017881393        916.68577849809560     
  -9.8800000026822090        1199.9502480007366     
  -9.8400000035762787        1383.3952015759214     
  -9.8000000044703484        1486.6215858780399     
  -9.7600000053644180        1526.3014148174109     
  -9.7200000062584877        1516.5389324994653     
  -9.6800000071525574        1469.1937795855079     
  -9.6400000080466270        1394.1696288829064     
  -9.6000000089406967        1299.6714797635045     
  -9.5600000098347664        1192.4345440876664     
  -9.5200000107288361        1077.9274174981736     
  -9.4800000116229057        960.53200812666478     
  -9.4400000125169754        843.70248886896002     
  -9.4000000134110451        730.10534843519974     
  -9.3600000143051147        621.74243942154612     
  -9.3200000151991844        520.05875778952213     
  -9.2800000160932541        426.03653653368934     
  -9.2400000169873238        340.27709617217192     
  -9.2000000178813934        263.07176525629353     
  -9.1600000187754631        194.46306465672308     
  -9.1200000196695328        134.29723927603021     
  -9.0800000205636024        82.269119432018812     
  -9.0400000214576721        37.960200859872018     
  -9.0000000223517418       0.87074653607565011     
  -8.9600000232458115       -29.553365191587787     
  -8.9200000241398811       -53.898393869453365     
  -8.8800000250339508       -72.764505416859663     
  -8.8400000259280205       -86.751030119453475     
  -8.8000000268220901       -96.444739695765037     
  -8.7600000277161598       -102.41072341219773     
  -8.7200000286102295       -105.18548915561159     
  -8.6800000295042992       -105.27195716108243     
  -8.6400000303983688       -103.13605205030854     
  -8.6000000312924385       -99.204633258301371     
  -8.5600000321865082       -93.864535087997169     
  -8.5200000330805779       -87.462515791670597     
  -8.4800000339746475       -80.305940474784151     
  -8.4400000348687172       -72.664045476251090     
  -8.4000000357627869       -64.769652407854124     
  -8.3600000366568565       -56.821218429192712     
  -8.3200000375509262       -48.985125773925731     
  -8.2800000384449959       -41.398128196376099     
  -8.2400000393390656       -34.169885030911374     
  -8.2000000402331352       -27.385525094765779     
  -8.1600000411272049       -21.108192852379304     
  -8.1200000420212746       -15.381538220194463     
  -8.0800000429153442       -10.232119240125773     
  -8.0400000438094139       -5.6716936937937499     
  -8.0000000447034836       -1.6993816660786991     
  -7.9600000455975533        1.6963138141013125     
  -7.9200000464916229        4.5356365425405496     
  -7.8800000473856926        6.8458620770506240     
  -7.8400000482797623        8.6597394621290285     
  -7.8000000491738319        10.014088742835373     
  -7.7600000500679016        10.948551117216255     
  -7.7200000509619713        11.504486834870846     
  -7.6800000518560410        11.724014569280772     
  -7.6400000527501106        11.649184928764207     
  -7.6000000536441803        11.321279984864598     
  -7.5600000545382500        10.780230150946078     
  -7.5200000554323196        10.064139404547536     
  -7.4800000563263893        9.2089096846992220     
  -7.4400000572204590        8.2479552829841296     
  -7.4000000581145287        7.2119981604546339     
  -7.3600000590085983        6.1289353399687538     
  -7.3200000599026680        5.0237698258127024     
  -7.2800000607967377        3.9185968725078641     
  -7.2400000616908073        2.8326378473197895     
  -7.2000000625848770        1.7823143928644694     
  -7.1600000634789467       0.78135608566858195     
  -7.1200000643730164      -0.15906470657928906     
  -7.0800000652670860       -1.0301765508414067     
  -7.0400000661611557       -1.8254365227704468     
  -7.0000000670552254       -2.5403463828767574     
  -6.9600000679492950       -3.1722616081860497     
  -6.9200000688433647       -3.7201970474106782     
  -6.8800000697374344       -4.1846325011663934     
  -6.8400000706315041       -4.5673210840351173     
  -6.8000000715255737       -4.8711028045567666     
  -6.7600000724196434       -5.0997254041996962     
  -6.7200000733137131       -5.2576741281646964     
  -6.6800000742077827       -5.3500117602237705     
  -6.6400000751018524       -5.3822299409890242     
  -6.6000000759959221       -5.3601125040133395     
  -6.5600000768899918       -5.2896113066132013     
  -6.5200000777840614       -5.1767348016947050     
  -6.4800000786781311       -5.0274493923654422     
  -6.4400000795722008       -4.8475934317623244     
  -6.4000000804662704       -4.6428035752114232     
  -6.3600000813603401       -4.4184530593412408     
  -6.3200000822544098       -4.1796013717904330     
  -6.2800000831484795       -3.9309546843175616     
  -6.2400000840425491       -3.6768363500256944     
  -6.2000000849366188       -3.4211667106275812     
  -6.1600000858306885       -3.1674514207609139     
  -6.1200000867247581       -2.9187774718891477     
  -6.0800000876188278       -2.6778160868835679     
  -6.0400000885128975       -2.4468316566003434     
  -6.0000000894069672       -2.2276959003062897     
  -5.9600000903010368       -2.0219064513813296     
  -5.9200000911951065       -1.8306090971010782     
  -5.8800000920891762       -1.6546229353060760     
  -5.8400000929832458       -1.4944677502851236     
  -5.8000000938773155       -1.3503929541956698     
  -5.7600000947713852       -1.2224074878397613     
  -5.7200000956654549       -1.1103101247051406     
  -5.6800000965595245       -1.0137196740337062     
  -5.6400000974535942      -0.93210463153020739     
  -5.6000000983476639      -0.86481187947907057     
  -5.5600000992417336      -0.81109409087163165     
  -5.5200001001358032      -0.77013554410186591     
  -5.4800001010298729      -0.74107610537319657     
  -5.4400001019239426      -0.72303318474221168     
  -5.4000001028180122      -0.71512151833756643     
  -5.3600001037120819      -0.71647067342200155     
  -5.3200001046061516      -0.72624021435486819     
  -5.2800001055002213      -0.74363250595604524     
  -5.2400001063942909      -0.76790316611225495     
  -5.2000001072883606      -0.79836921159124918     
  -5.1600001081824303      -0.83441496986776731     
  -5.1200001090764999      -0.87549585528574736     
  -5.0800001099705696      -0.92114013008748608     
  -5.0400001108646393      -0.97094878976783094     
  -5.0000001117587090       -1.0245937279244546     
  -4.9600001126527786       -1.0818143483639582     
  -4.9200001135468483       -1.1424128018008251     
  -4.8800001144409180       -1.2062480311847357     
  -4.8400001153349876       -1.2732288136610284     
  -4.8000001162290573       -1.3433059885729479     
  -4.7600001171231270       -1.4164640599282308     
  -4.7200001180171967       -1.4927123585611746     
  -4.6800001189112663       -1.5720759440161798     
  -4.6400001198053360       -1.6545864191560899     
  -4.6000001206994057       -1.7402728218574151     
  -4.5600001215934753       -1.8291527480944609     
  -4.5200001224875450       -1.9212238494342886     
  -4.4800001233816147       -2.0164558356605462     
  -4.4400001242756844       -2.1147831001088395     
  -4.4000001251697540       -2.2160980715164276     
  -4.3600001260638237       -2.3202453819451110     
  -4.3200001269578934       -2.4270169258012846     
  -4.2800001278519630       -2.5361478703158111     
  -4.2400001287460327       -2.6473136632141001     
  -4.2000001296401024       -2.7601280688490637     
  -4.1600001305341721       -2.8741422499217304     
  -4.1200001314282417       -2.9888448982006190     
  -4.0800001323223114       -3.1036634044848164     
  -4.0400001332163811       -3.2179660455389913     
  -4.0000001341104507       -3.3310651539519411     
  -3.9600001350045204       -3.4422212259126685     
  -3.9200001358985901       -3.5506479118271104     
  -3.8800001367926598       -3.6555178255708807     
  -3.8400001376867294       -3.7559691000339521     
  -3.8000001385807991       -3.8511126094966146     
  -3.7600001394748688       -3.9400397733063093     
  -3.7200001403689384       -4.0218308503159310     
  -3.6800001412630081       -4.0955636296001536     
  -3.6400001421570778       -4.1603224200823679     
  -3.6000001430511475       -4.2152072398672322     
  -3.5600001439452171       -4.2593431052609754     
  -3.5200001448392868       -4.2918893196440511     
  -3.4800001457333565       -4.3120486635022797     
  -3.4400001466274261       -4.3190763889806050     
  -3.4000001475214958       -4.3122889252496002     
  -3.3600001484155655       -4.2910722047152969     
  -3.3200001493096352       -4.2548895245999487     
  -3.2800001502037048       -4.2032888636129035     
  -3.2400001510977745       -4.1359095792517877     
  -3.2000001519918442       -4.0524884176569955     
  -3.1600001528859138       -3.9528647748171428     
  -3.1200001537799835       -3.8369851552185787     
  -3.0800001546740532       -3.7049067816760877     
  -3.0400001555681229       -3.5568003180021774     
  -3.0000001564621925       -3.3929516742966621     
  -2.9600001573562622       -3.2137628728951819     
  -2.9200001582503319       -3.0197519613345905     
  -2.8800001591444016       -2.8115519670061584     
  -2.8400001600384712       -2.5899088964077546     
  -2.8000001609325409       -2.3556787900095748     
  -2.7600001618266106       -2.1098238516534407     
  -2.7200001627206802       -1.8534076790549181     
  -2.6800001636147499       -1.5875896293160765     
  -2.6400001645088196       -1.3136183603338163     
  -2.6000001654028893       -1.0328245955572004     
  -2.5600001662969589      -0.74661316566452796     
  -2.5200001671910286      -0.45645438635858693     
  -2.4800001680850983      -0.16387483658244195     
  -2.4400001689791679       0.12955239399103868     
  -2.4000001698732376       0.42221791536970510     
  -2.3600001707673073       0.71248662935172058     
  -2.3200001716613770       0.99870862437194463     
  -2.2800001725554466        1.2792302919859111     
  -2.2400001734495163        1.5524055823860019     
  -2.2000001743435860        1.8166073154705615     
  -2.1600001752376556        2.0702384637424878     
  -2.1200001761317253        2.3117433236922236     
  -2.0800001770257950        2.5396184933099750     
  -2.0400001779198647        2.7524235749581685     
  -2.0000001788139343        2.9487915249987475     
  -1.9600001797080040        3.1274385742882895     
  -1.9200001806020737        3.2871736469011794     
  -1.8800001814961433        3.4269072081881182     
  -1.8400001823902130        3.5456594774922747     
  -1.8000001832842827        3.6425679454936599     
  -1.7600001841783524        3.7168941411969074     
  -1.7200001850724220        3.7680295989796231     
  -1.6800001859664917        3.7955009818369168     
  -1.6400001868605614        3.7989743229504485     
  -1.6000001877546310        3.7782583539336643     
  -1.5600001886487007        3.7333068945142216     
  -1.5200001895427704        3.6642202849651437     
  -1.4800001904368401        3.5712458492423607     
  -1.4400001913309097        3.4547773834821984     
  -1.4000001922249794        3.3153536712133440     
  -1.3600001931190491        3.1536560332983146     
  -1.3200001940131187        2.9705049271960773     
  -1.2800001949071884        2.7668556165867639     
  -1.2400001958012581        2.5437929386796716     
  -1.2000001966953278        2.3025252025971956     
  -1.1600001975893974        2.0443772580501074     
  -1.1200001984834671        1.7707827790590305     
  -1.0800001993775368        1.4832758126971382     
  -1.0400002002716064        1.1834816476979901     
  -1.0000002011656761       0.87310706226123269     
 -0.96000020205974579       0.55393001447008383     
 -0.92000020295381546       0.22778884238376290     
 -0.88000020384788513      -0.10342895593634011     
 -0.84000020474195480      -0.43779828948243499     
 -0.80000020563602448      -0.77336831321620114     
 -0.76000020653009415       -1.1081744618841896     
 -0.72000020742416382       -1.4402506005403028     
 -0.68000020831823349       -1.7676412128651100     
 -0.64000020921230316       -2.0884135481699526     
 -0.60000021010637283       -2.4006696482876397     
 -0.56000021100044250       -2.7025581763760265     
 -0.52000021189451218       -2.9922859709899940     
 -0.48000021278858185       -3.2681292506008877     
 -0.44000021368265152       -3.5284443960472016     
 -0.40000021457672119       -3.7716782411702940     
 -0.36000021547079086       -3.9963778051040828     
 -0.32000021636486053       -4.2011994033292357     
 -0.28000021725893021       -4.3849170786441292     
 -0.24000021815299988       -4.5464302976199340     
 -0.20000021904706955       -4.6847708628690006     
 -0.16000021994113922       -4.7991089965328113     
 -0.12000022083520889       -4.8887585557546211     
  -8.0000221729278564E-002  -4.9531813465084804     
  -4.0000222623348236E-002  -4.9919905079765092     
  -2.2351741790771484E-007  -5.0049529456623620     
   3.9999775588512421E-002  -4.9919907975612254     
   7.9999774694442749E-002  -4.9531819239384784     
  0.11999977380037308       -4.8887594175619729     
  0.15999977290630341       -4.7991101375430052     
  0.19999977201223373       -4.6847722762334518     
  0.23999977111816406       -4.5464319748588959     
  0.27999977022409439       -4.3849190096999608     
  0.31999976933002472       -4.2012015766299919     
  0.35999976843595505       -3.9963802076359398     
  0.39999976754188538       -3.7716808585590726     
  0.43999976664781570       -3.5284472126489539     
  0.47999976575374603       -3.2681322496000118     
  0.51999976485967636       -2.9922891345044476     
  0.55999976396560669       -2.7025614855691638     
  0.59999976307153702       -2.4006730834864229     
  0.63999976217746735       -2.0884170889881846     
  0.67999976128339767       -1.7676448383301986     
  0.71999976038932800       -1.4402542892241088     
  0.75999975949525833       -1.1081781920367990     
  0.79999975860118866      -0.77337206290101623     
  0.83999975770711899      -0.43780203671249029     
  0.87999975681304932      -0.10343267881007806     
  0.91999975591897964       0.22778516554751943     
  0.95999975502490997       0.55392640499806545     
  0.99999975413084030       0.87310354099416654     
   1.0399997532367706        1.1834782348637805     
   1.0799997523427010        1.4832725277878689     
   1.1199997514486313        1.7707796407124881     
   1.1599997505545616        2.0443742839384096     
   1.1999997496604919        2.3025224093204781     
   1.2399997487664223        2.5437903416671568     
   1.2799997478723526        2.7668532300070723     
   1.3199997469782829        2.9705027638753627     
   1.3599997460842133        3.1536541046471669     
   1.3999997451901436        3.3153519871636199     
   1.4399997442960739        3.4547759524329469     
   1.4799997434020042        3.5712446780164830     
   1.5199997425079346        3.6642193787775339     
   1.5599997416138649        3.7333062569493562     
   1.5999997407197952        3.7782579869345745     
   1.6399997398257256        3.7989742268180797     
   1.6799997389316559        3.7955011552403359     
   1.7199997380375862        3.7680300389786545     
   1.7599997371435165        3.7168948432735456     
   1.7999997362494469        3.6425689035939164     
   1.8399997353553772        3.5456606840795790     
   1.8799997344613075        3.4269086543042038     
   1.9199997335672379        3.2871753222371640     
   1.9599997326731682        3.1274404672672138     
   1.9999997317790985        2.9487936228616660     
   2.0399997308850288        2.7524258638578587     
   2.0799997299909592        2.5396209584152705     
   2.1199997290968895        2.3117459492963657     
   2.1599997282028198        2.0702412333769074     
   2.1999997273087502        1.8166102120216845     
   2.2399997264146805        1.5524085882157568     
   2.2799997255206108        1.2792333890557530     
   2.3199997246265411       0.99871179436874846     
   2.3599997237324715       0.71248985381774355     
   2.3999997228384018       0.42222117582548280     
   2.4399997219443321       0.12955567205810725     
   2.4799997210502625      -0.16387155905259077     
   2.5199997201561928      -0.45645112716841840     
   2.5599997192621231      -0.74660994215705356     
   2.5999997183680534       -1.0328214244972629     
   2.6399997174739838       -1.3136152578016209     
   2.6799997165799141       -1.5875866106111187     
   2.7199997156858444       -1.8534047586038769     
   2.7599997147917747       -2.1098210429273307     
   2.7999997138977051       -2.3556761054441506     
   2.8399997130036354       -2.5899063473304542     
   2.8799997121095657       -2.8115495635824663     
   2.9199997112154961       -3.0197497125256145     
   2.9599997103214264       -3.2137607864157656     
   2.9999997094273567       -3.3929497565819404     
   3.0399997085332870       -3.5567985741916468     
   3.0799997076392174       -3.7049052156096520     
   3.1199997067451477       -3.8369837694449980     
   3.1599997058510780       -3.9528635706098258     
   3.1999997049570084       -4.0524873950314033     
   3.2399997040629387       -4.1359087370000607     
   3.2799997031688690       -4.2032881993578979     
   3.3199997022747993       -4.2548890348465340     
   3.3599997013807297       -4.2910718849096208     
   3.3999997004866600       -4.3122887698548196     
   3.4399996995925903       -4.3190763915493360     
   3.4799996986985207       -4.3120488167706839     
   3.5199996978044510       -4.2918896156216730     
   3.5599996969103813       -4.2593435353060825     
   3.5999996960163116       -4.2152077948054441     
   3.6399996951222420       -4.1603230903202997     
   3.6799996942281723       -4.0955644052036018     
   3.7199996933341026       -4.0218317211115435     
   3.7599996924400330       -3.9400407290121153     
   3.7999996915459633       -3.8511136398098587     
   3.8399996906518936       -3.7559701947146049     
   3.8799996897578239       -3.6555189745618613     
   3.9199996888637543       -3.5506491053347333     
   3.9599996879696846       -3.4422224544773203     
   3.9999996870756149       -3.3310664085332755     
   4.0399996861815453       -3.2179673175985251     
   4.0799996852874756       -3.1036646860495205     
   4.1199996843934059       -2.9888461818986030     
   4.1599996834993362       -2.8741435290241193     
   4.1999996826052666       -2.7601293372905928     
   4.2399996817111969       -2.6473149156217453     
   4.2799996808171272       -2.5361491020320486     
   4.3199996799230576       -2.4270181328454292     
   4.3599996790289879       -2.3202465610172598     
   4.3999996781349182       -2.2160992199918770     
   4.4399996772408485       -2.1147842159762820     
   4.4799996763467789       -2.0164569174669622     
   4.5199996754527092       -1.9212248962151728     
   4.5599996745586395       -1.8291537593100493     
   4.5999996736645699       -1.7402737973314464     
   4.6399996727705002       -1.6545873590062401     
   4.6799996718764305       -1.5720768485485666     
   4.7199996709823608       -1.4927132281187485     
   4.7599996700882912       -1.4164648948134129     
   4.7999996691942215       -1.3433067890061425     
   4.8399996683001518       -1.2732295796368496     
   4.8799996674060822       -1.2062487623463081     
   4.9199996665120125       -1.1424134973825171     
   4.9599996656179428       -1.0818150070999071     
   4.9999996647238731       -1.0245943479273902     
   5.0399996638298035      -0.97094936846644864     
   5.0799996629357338      -0.92114066420247309     
   5.1199996620416641      -0.87549634076391447     
   5.1599996611475945      -0.83441540184041996     
   5.1999996602535248      -0.79836958438900463     
   5.2399996593594551      -0.76790347326527231     
   5.2799996584653854      -0.74363274017940295     
   5.3199996575713158      -0.72624036762918487     
   5.3599996566772461      -0.71647073712328213     
   5.3999996557831764      -0.71512148330825021     
   5.4399996548891068      -0.72303304139525348     
   5.4799996539950371      -0.74107584386677794     
   5.5199996531009674      -0.77013515454065806     
   5.5599996522068977      -0.81109356349894801     
   5.5999996513128281      -0.86481120487883589     
   5.6399996504187584      -0.93210380087651057     
   5.6799996495246887       -1.0137186794209101     
   5.7199996486306190       -1.1103089594819022     
   5.7599996477365494       -1.2224061468787490     
   5.7999996468424797       -1.3503914341641301     
   5.8399996459484100       -1.4944660500396774     
   5.8799996450543404       -1.6546210562587178     
   5.9199996441602707       -1.8306070434833204     
   5.9599996432662010       -2.0219042305950374     
   5.9999996423721313       -2.2276935233211885     
   6.0399996414780617       -2.4468291382126246     
   6.0799996405839920       -2.6778134458718417     
   6.1199996396899223       -2.9187747313170425     
   6.1599996387958527       -3.1674486081529607     
   6.1999996379017830       -3.4211638581022883     
   6.2399996370077133       -3.6768334944279615     
   6.2799996361136436       -3.9309518671221988     
   6.3199996352195740       -4.1795986390846096     
   6.3599996343255043       -4.4184504617129807     
   6.3999996334314346       -4.6428011673570619     
   6.4399996325373650       -4.8475912720484811     
   6.4799996316432953       -5.0274475423583738     
   6.5199996307492256       -5.1767333256182333     
   6.5599996298551559       -5.2896102706768859     
   6.5999996289610863       -5.3601119753376825     
   6.6399996280670166       -5.3822299864373431     
   6.6799996271729469       -5.3500124455841247     
   6.7199996262788773       -5.2576755168124114     
   6.7599996253848076       -5.0997275553683279     
   6.7999996244907379       -4.8711057718761310     
   6.8399996235966682       -4.5673249136485632     
   6.8799996227025986       -4.1846372302049106     
   6.9199996218085289       -3.7202027020815467     
   6.9599996209144592       -3.1722682012476566     
   6.9999996200203896       -2.5403539118860312     
   7.0399996191263199       -1.8254449678530129     
   7.0799996182322502       -1.0301858724128015     
   7.1199996173381805      -0.15907484318912002     
   7.1599996164441109       0.78134521926567813     
   7.1999996155500412        1.7823029076396235     
   7.2399996146559715        2.8326258822931578     
   7.2799996137619019        3.9185845961001728     
   7.3199996128678322        5.0237574367684577     
   7.3599996119737625        6.1289230688257970     
   7.3999996110796928        7.2119862706544318     
   7.4399996101856232        8.2479440703196456     
   7.4799996092915535        9.2088994770175692     
   7.5199996083974838        10.064130560726039     
   7.5599996075034142        10.780223058449909     
   7.5999996066093445        11.321275057817481     
   7.6399996057152748        11.649182603911294     
   7.6799996048212051        11.724015301100282     
   7.7199996039271355        11.504491090347301     
   7.7599996030330658        10.948559368136713     
   7.7999996021389961        10.014101457696727     
   7.8399996012449265        8.6597570963088799     
   7.8799996003508568        6.8458850593136198     
   7.9199995994567871        4.5356652633232857     
   7.9599995985627174        1.6963486121490261     
   7.9999995976686478       -1.6993405223253126     
   8.0399995967745781       -5.6716460234706538     
   8.0799995958805084       -10.232064969806357     
   8.1199995949864388       -15.381477407219265     
   8.1599995940923691       -21.108125707552301     
   8.1999995931982994       -27.385452006536902     
   8.2399995923042297       -34.169806589946624     
   8.2799995914101601       -41.398045225042559     
   8.3199995905160904       -48.985039357381666     
   8.3599995896220207       -56.821129940528976     
   8.3999995887279510       -64.769563535656275     
   8.4399995878338814       -72.663958255714093     
   8.4799995869398117       -80.305857312806367     
   8.5199995860457420       -87.462439487629609     
   8.5599995851516724       -93.864468858813339     
   8.5999995842576027       -99.204580759076180     
   8.6399995833635330       -103.13601738286954     
   8.6799995824694633       -105.27194487377305     
   8.7199995815753937       -105.18550423755208     
   8.7599995806813240       -102.41077128095162     
   8.7999995797872543       -96.444826166689637     
   8.8399995788931847       -86.751161359850300     
   8.8799995779991150       -72.764687880264205     
   8.9199995771050453       -53.898634202605038     
   8.9599995762109756       -29.553670122366441     
   8.9999995753169060       0.87037034871490704     
   9.0399995744228363        37.959747008830320     
   9.0799995735287666        82.268581981192625     
   9.1199995726346970        134.29661303852876     
   9.1599995717406273        194.46234552425551     
   9.1999995708465576        263.07095058970879     
   9.2399995699524879        340.27618525999742     
   9.2799995690584183        426.03553113334357     
   9.3199995681643486        520.05766276650706     
   9.3599995672702789        621.74126348189793     
   9.3999995663762093        730.10410497839030     
   9.4399995654821396        843.70119696912468     
   9.4799995645880699        960.53069365428530     
   9.5199995636940002        1077.9261144125549     
   9.5599995627999306        1192.4332959006015     
   9.5999995619058609        1299.6703412032798     
   9.6399995610117912        1394.1686677851746     
   9.6799995601177216        1469.1930790326182     
   9.7199995592236519        1516.5385932323629     
   9.7599995583295822        1526.3015579416201     
   9.7999995574355125        1486.6223559087698     
   9.8399995565414429        1383.3967698557085     
   9.8799995556473732        1199.9528165091906     
   9.9199995547533035        916.68958411441611     
   9.9599995538592339        510.67431086759979     
   9.9999995529651642        7.0617311012597384E-003
