  -10.000000000000000        5.0114438400816317     
  -9.9600000008940697        552.78025044013998     
  -9.9200000017881393        952.14979704761811     
  -9.8800000026822090        1229.7090448173185     
  -9.8400000035762787        1408.2788806810070     
  -9.8000000044703484        1507.3597754846819     
  -9.7600000053644180        1543.5336872221312     
  -9.7200000062584877        1530.8242847010433     
  -9.6800000071525574        1481.0192487339928     
  -9.6400000080466270        1403.9581115333538     
  -9.6000000089406967        1307.7888190912502     
  -9.5600000098347664        1199.1959446984745     
  -9.5200000107288361        1083.6032432227867     
  -9.4800000116229057        965.35301420897235     
  -9.4400000125169754        847.86453622625515     
  -9.4000000134110451        733.77364417468550     
  -9.3600000143051147        625.05534452550330     
  -9.3200000151991844        523.13119982082469     
  -9.2800000160932541        428.96306235126718     
  -9.2400000169873238        343.13459697172715     
  -9.2000000178813934        265.92190375428908     
  -9.1600000187754631        197.35443190518836     
  -9.1200000196695328        137.26726642254891     
  -9.0800000205636024        85.345767714160829     
  -9.0400000214576721        41.163451237531930     
  -9.0000000223517418        4.2139086105894217     
  -8.9600000232458115       -26.062506954082810     
  -8.9200000241398811       -50.256580108449306     
  -8.8800000250339508       -68.972132946506292     
  -8.8400000259280205       -82.811400305650778     
  -8.8000000268220901       -92.363411559680827     
  -8.7600000277161598       -98.194959997723657     
  -8.7200000286102295       -100.84378673333818     
  -8.6800000295042992       -100.81364779772075     
  -8.6400000303983688       -98.570970955224411     
  -8.6000000312924385       -94.542843132739193     
  -8.5600000321865082       -89.116100452177591     
  -8.5200000330805779       -82.637320954569503     
  -8.4800000339746475       -75.413545445041450     
  -8.4400000348687172       -67.713574694159959     
  -8.4000000357627869       -59.769711711317839     
  -8.3600000366568565       -51.779836154295126     
  -8.3200000375509262       -43.909714336537064     
  -8.2800000384449959       -36.295462908007551     
  -8.2400000393390656       -29.046097272625889     
  -8.2000000402331352       -22.246107310060147     
  -8.1600000411272049       -15.958013125991576     
  -8.1200000420212746       -10.224862487148965     
  -8.0800000429153442       -5.0726394201631066     
  -8.0400000438094139      -0.51256027270244120     
  -8.0000000447034836        3.4567605507184291     
  -7.9600000455975533        6.8472878672761999     
  -7.9200000464916229        9.6796943314597890     
  -7.8800000473856926        11.981645000291802     
  -7.8400000482797623        13.786239336484615     
  -7.8000000491738319        15.130609535580552     
  -7.7600000500679016        16.054671924021097     
  -7.7200000509619713        16.600026445567604     
  -7.6800000518560410        16.808997884652467     
  -7.6400000527501106        16.723811422575963     
  -7.6000000536441803        16.385894345577860     
  -7.5600000545382500        15.835295186052125     
  -7.5200000554323196        15.110211246427667     
  -7.4800000563263893        14.246615299608061     
  -7.4400000572204590        13.277972253478312     
  -7.4000000581145287        12.235036685697157     
  -7.3600000590085983        11.145722377271278     
  -7.3200000599026680        10.035035279960587     
  -7.2800000607967377        8.9250617263836887     
  -7.2400000616908073        7.8350041176288663     
  -7.2000000625848770        6.7812567879631374     
  -7.1600000634789467        5.7775152382281378     
  -7.1200000643730164        4.8349124385802797     
  -7.0800000652670860        3.9621764186195065     
  -7.0400000661611557        3.1658038811404614     
  -7.0000000670552254        2.4502450883431672     
  -6.9600000679492950        1.8180957709915584     
  -6.9200000688433647        1.2702922972549084     
  -6.8800000697374344       0.80630680518130593     
  -6.8400000706315041       0.42433944804229246     
  -6.8000000715255737       0.12150532291901291     
  -6.7600000724196434      -0.10598595178200783     
  -6.7200000733137131      -0.26265967582837407     
  -6.6800000742077827      -0.35361584889460074     
  -6.6400000751018524      -0.38438030695209735     
  -6.6000000759959221      -0.36076794083194352     
  -6.5600000768899918      -0.28875846711202569     
  -6.5200000777840614      -0.17438499107142380     
  -6.4800000786781311       -2.3635397198567682E-002
  -6.4400000795722008       0.15763357633214681     
  -6.4000000804662704       0.36376987781033659     
  -6.3600000813603401       0.58938772752683255     
  -6.3200000822544098       0.82941779009636152     
  -6.2800000831484795        1.0791465654440666     
  -6.2400000840425491        1.3342457020706471     
  -6.2000000849366188        1.5907919906372481     
  -6.1600000858306885        1.8452788344699123     
  -6.1200000867247581        2.0946200177046559     
  -6.0800000876188278        2.3361466028895630     
  -6.0400000885128975        2.5675977893073170     
  -6.0000000894069672        2.7871065524198024     
  -5.9600000903010368        2.9931808649532945     
  -5.9200000911951065        3.1846812724736648     
  -5.8800000920891762        3.3607955620204417     
  -5.8400000929832458        3.5210112225865311     
  -5.8000000938773155        3.6650863519913832     
  -5.7600000947713852        3.7930196169734036     
  -5.7200000956654549        3.9050198230281423     
  -5.6800000965595245        4.0014755984751256     
  -5.6400000974535942        4.0829256442121631     
  -5.6000000983476639        4.1500299473050912     
  -5.5600000992417336        4.2035423035867376     
  -5.5200001001358032        4.2442844423602892     
  -5.4800001010298729        4.2731219956106106     
  -5.4400001019239426        4.2909425052510874     
  -5.4000001028180122        4.2986356152437475     
  -5.3600001037120819        4.2970755512365280     
  -5.3200001046061516        4.2871059489205630     
  -5.2800001055002213        4.2695270538282433     
  -5.2400001063942909        4.2450852799241447     
  -5.2000001072883606        4.2144650821998271     
  -5.1600001081824303        4.1782830696365822     
  -5.1200001090764999        4.1370842593813117     
  -5.0800001099705696        4.0913403507831694     
  -5.0400001108646393        4.0414498790277680     
  -5.0000001117587090        3.9877400924153408     
  -4.9600001126527786        3.9304703847691065     
  -4.9200001135468483        3.8698371049159874     
  -4.8800001144409180        3.8059795585209946     
  -4.8400001153349876        3.7389870136284560     
  -4.8000001162290573        3.6689065199033495     
  -4.7600001171231270        3.5957513525984219     
  -4.7200001180171967        3.5195098955122539     
  -4.6800001189112663        3.4401547824577410     
  -4.6400001198053360        3.3576521238329144     
  -4.6000001206994057        3.2719706535774415     
  -4.5600001215934753        3.1830906419079081     
  -4.5200001224875450        3.0910124305542608     
  -4.4800001233816147        2.9957644595717818     
  -4.4400001242756844        2.8974106679853571     
  -4.4000001251697540        2.7960571643475127     
  -4.3600001260638237        2.6918580775792775     
  -4.3200001269578934        2.5850205130388551     
  -4.2800001278519630        2.4758085534632430     
  -4.2400001287460327        2.3645462590967892     
  -4.2000001296401024        2.2516196358121463     
  -4.1600001305341721        2.1374775542080222     
  -4.1200001314282417        2.0226316164102509     
  -4.0800001323223114        1.9076549804943681     
  -4.0400001332163811        1.7931801649871177     
  -4.0000001341104507        1.6798958677008022     
  -3.9600001350045204        1.5685428441288813     
  -3.9200001358985901        1.4599089007161292     
  -3.8800001367926598        1.3548230674557893     
  -3.8400001376867294        1.2541490224141394     
  -3.8000001385807991        1.1587778479054918     
  -3.7600001394748688        1.0696202041137846     
  -3.7200001403689384       0.98759801096706290     
  -3.6800001412630081       0.91363573301372858     
  -3.6400001421570778       0.84865136493022819     
  -3.6000001430511475       0.79354721712170406     
  -3.5600001439452171       0.74920060168279434     
  -3.5200001448392868       0.71645451879416233     
  -3.4800001457333565       0.69610844247803561     
  -3.4400001466274261       0.68890930256601479     
  -3.4000001475214958       0.69554275679287880     
  -3.3600001484155655       0.71662484317518604     
  -3.3200001493096352       0.75269409832092193     
  -3.2800001502037048       0.80420422210853948     
  -3.2400001510977745       0.87151736333575180     
  -3.2000001519918442       0.95489809453816510     
  -3.1600001528859138        1.0545081372852900     
  -3.1200001537799835        1.1704018919480466     
  -3.0800001546740532        1.3025228182696797     
  -3.0400001555681229        1.4507007051336216     
  -3.0000001564621925        1.6146498597797252     
  -2.9600001573562622        1.7939682384456195     
  -2.9200001582503319        1.9881375320736507     
  -2.8800001591444016        2.1965242123940656     
  -2.8400001600384712        2.4183815354389222     
  -2.8000001609325409        2.6528524914224043     
  -2.7600001618266106        2.8989736820033096     
  -2.7200001627206802        3.1556800982825570     
  -2.6800001636147499        3.4218107655372552     
  -2.6400001645088196        3.6961152137039859     
  -2.6000001654028893        3.9772607260448618     
  -2.5600001662969589        4.2638403123028379     
  -2.5200001671910286        4.5543813470166929     
  -2.4800001680850983        4.8473548085547602     
  -2.4400001689791679        5.1411850498693639     
  -2.4000001698732376        5.4342600279960260     
  -2.3600001707673073        5.7249419159427539     
  -2.3200001716613770        6.0115780178506908     
  -2.2800001725554466        6.2925119061690031     
  -2.2400001734495163        6.5660946980803274     
  -2.2000001743435860        6.8306963875397226     
  -2.1600001752376556        7.0847171490478233     
  -2.1200001761317253        7.3265985296599245     
  -2.0800001770257950        7.5548344467265878     
  -2.0400001779198647        7.7679819104521926     
  -2.0000001788139343        7.9646713925270900     
  -1.9600001797080040        8.1436167648139772     
  -1.9200001806020737        8.3036247353234653     
  -1.8800001814961433        8.4436037124691712     
  -1.8400001823902130        8.5625720328160160     
  -1.8000001832842827        8.6596654921932039     
  -1.7600001841783524        8.7341441250974867     
  -1.7200001850724220        8.7853981827247321     
  -1.6800001859664917        8.8129532656968337     
  -1.6400001868605614        8.8164745735545402     
  -1.6000001877546310        8.7957702393211630     
  -1.5600001886487007        8.7507937238631275     
  -1.5200001895427704        8.6816452513348459     
  -1.4800001904368401        8.5885722736531562     
  -1.4400001913309097        8.4719689586536688     
  -1.4000001922249794        8.3323747032936755     
  -1.3600001931190491        8.1704716799377408     
  -1.3200001940131187        7.9870814303495141     
  -1.2800001949071884        7.7831605284729948     
  -1.2400001958012581        7.5597953393769810     
  -1.2000001966953278        7.3181959078171790     
  -1.1600001975893974        7.0596890157028822     
  -1.1200001984834671        6.7857104533028085     
  -1.0800001993775368        6.4977965542528668     
  -1.0400002002716064        6.1975750493052768     
  -1.0000002011656761        5.8867552982538376     
 -0.96000020205974579        5.5671179635572878     
 -0.92000020295381546        5.2405041928373182     
 -0.88000020384788513        4.9088043806284372     
 -0.84000020474195480        4.5739465824855401     
 -0.80000020563602448        4.2378846567958295     
 -0.76000020653009415        3.9025862113832464     
 -0.72000020742416382        3.5700204332262597     
 -0.68000020831823349        3.2421458803283185     
 -0.64000020921230316        2.9208983149820056     
 -0.60000021010637283        2.6081786573533550     
 -0.56000021100044250        2.3058411374863153     
 -0.52000021189451218        2.0156817224954566     
 -0.48000021278858185        1.7394268938882913     
 -0.44000021368265152        1.4787228476499505     
 -0.40000021457672119        1.2351251869484396     
 -0.36000021547079086        1.0100891740973448     
 -0.32000021636486053       0.80496060476605458     
 -0.28000021725893021       0.62096736337925307     
 -0.24000021815299988       0.45921171422454171     
 -0.20000021904706955       0.32066337801768058     
 -0.16000021994113922       0.20615343859024129     
 -0.12000022083520889       0.11636911899693343     
  -8.0000221729278564E-002   5.1849460723619102E-002
  -4.0000222623348236E-002   1.2981933848054463E-002
  -2.2351741790771484E-007   4.0555975820397368E-013
   3.9999775588512421E-002   1.2981643827803271E-002
   7.9999774694442749E-002   5.1848882425276299E-002
  0.11999977380037308       0.11636825589385713     
  0.15999977290630341       0.20615229586514269     
  0.19999977201223373       0.32066196253002743     
  0.23999977111816406       0.45921003446742781     
  0.27999977022409439       0.62096542942600219     
  0.31999976933002472       0.80495842820691632     
  0.35999976843595505        1.0100867679666792     
  0.39999976754188538        1.2351225656428586     
  0.43999976664781570        1.4787200268379650     
  0.47999976575374603        1.7394238904120169     
  0.51999976485967636        2.0156785542650355     
  0.55999976396560669        2.3058378233677348     
  0.59999976307153702        2.6081752170503605     
  0.63999976217746735        2.9208947689129170     
  0.67999976128339767        3.2421422494985115     
  0.71999976038932800        3.5700167390971460     
  0.75999975949525833        3.9025824757386194     
  0.79999975860118866        4.2378809016064016     
  0.83999975770711899        4.5739428297726077     
  0.87999975681304932        4.9088006523274830     
  0.91999975591897964        5.2405005106625291     
  0.95999975502490997        5.5671143488677854     
  0.99999975413084030        5.8867517719225200     
   1.0399997532367706        6.1975716315911624     
   1.0799997523427010        6.4977932646776972     
   1.1199997514486313        6.7857073105327750     
   1.1599997505545616        7.0596860374362125     
   1.1999997496604919        7.3181931106783447     
   1.2399997487664223        7.5597927388181541     
   1.2799997478723526        7.7831581386835005     
   1.3199997469782829        7.9870792641737154     
   1.3599997460842133        8.1704697488020450     
   1.3999997451901436        8.3323730171430199     
   1.4399997442960739        8.4719675258979468     
   1.4799997434020042        8.5885711011238861     
   1.5199997425079346        8.6816443442524083     
   1.5599997416138649        8.7507930858147329     
   1.5999997407197952        8.7957698722496431     
   1.6399997398257256        8.8164744777581294     
   1.6799997389316559        8.8129534398397684     
   1.7199997380375862        8.7853986238586863     
   1.7599997371435165        8.7341448286936547     
   1.7999997362494469        8.6596664521846893     
   1.8399997353553772        8.5625732416503340     
   1.8799997344613075        8.4436051611704332     
   1.9199997335672379        8.3036264135637605     
   1.9599997326731682        8.1436186609933898     
   1.9999997317790985        7.9646734938619037     
   2.0399997308850288        7.7679842030704966     
   2.0799997299909592        7.5548369157706885     
   2.1199997290968895        7.3266011593947145     
   2.1599997282028198        7.0847199229744078     
   2.1999997273087502        6.8306992885134195     
   2.2399997264146805        6.5660977084321868     
   2.2799997255206108        6.2925150078299561     
   2.3199997246265411        6.0115811924774007     
   2.3599997237324715        5.7249451450442796     
   2.3999997228384018        5.4342632930602823     
   2.4399997219443321        5.1411883324885617     
   2.4799997210502625        4.8473580905487559     
   2.5199997201561928        4.5543846105534378     
   2.5599997192621231        4.2638435400149834     
   2.5999997183680534        3.9772639011416620     
   2.6399997174739838        3.6961183200776562     
   2.6799997165799141        3.4218137878629906     
   2.7199997156858444        3.1556830221114791     
   2.7599997147917747        2.8989764938476097     
   2.7999997138977051        2.6528551788321320     
   2.8399997130036354        2.4183840870697368     
   2.8799997121095657        2.1965266180655640     
   2.9199997112154961        1.9881397828177876     
   2.9599997103214264        1.7939703265448983     
   2.9999997094273567        1.6146517787949022     
   3.0399997085332870        1.4507024499207641     
   3.0799997076392174        1.3025243849864829     
   3.1199997067451477        1.1704032780494515     
   3.1599997058510780        1.0545093415084485     
   3.1999997049570084       0.95489911687704498     
   3.2399997040629387       0.87151820500557053     
   3.2799997031688690       0.80420488550048741     
   3.3199997022747993       0.75269458694761660     
   3.3599997013807297       0.71662516160742284     
   3.3999997004866600       0.69554291058831585     
   3.4399996995925903       0.68890929819053237     
   3.4799996986985207       0.69610828722057649     
   3.5199996978044510       0.71645422067585929     
   3.5599996969103813       0.74920016936140965     
   3.5999996960163116       0.79354665979229499     
   3.6399996951222420       0.84865069222307821     
   3.6799996942281723       0.91363495489063229     
   3.7199996933341026       0.98759713761706336     
   3.7599996924400330        1.0696192458494413     
   3.7999996915459633        1.1587768150608264     
   3.8399996906518936        1.2541479252453982     
   3.8799996897578239        1.3548219160460588     
   3.9199996888637543        1.4599077048849711     
   3.9599996879696846        1.5685416133479386     
   3.9999996870756149        1.6798946110164390     
   4.0399996861815453        1.7931788909509565     
   4.0799996852874756        1.9076536971026283     
   4.1199996843934059        2.0226303310526292     
   4.1599996834993362        2.1374762736267869     
   4.1999996826052666        2.2516183660720248     
   4.2399996817111969        2.3645450055660651     
   4.2799996808171272        2.4758073208064246     
   4.3199996799230576        2.5850193052210648     
   4.3599996790289879        2.6918568978823809     
   4.3999996781349182        2.7960560153979528     
   4.4399996772408485        2.8974095517933254     
   4.4799996763467789        2.9957633775813837     
   4.5199996754527092        3.0910113837040170     
   4.5599996745586395        3.1830896307008980     
   4.5999996736645699        3.2719696781600840     
   4.6399996727705002        3.3576511840813938     
   4.6799996718764305        3.4401538780708023     
   4.7199996709823608        3.5195090261089348     
   4.7599996700882912        3.5957505178192575     
   4.7999996691942215        3.6689057195133388     
   4.8399996683001518        3.7389862476200144     
   4.8799996674060822        3.8059788272150068     
   4.9199996665120125        3.8698364090589701     
   4.9599996656179428        3.9304697256244370     
   4.9999996647238731        3.9877394718464401     
   5.0399996638298035        4.0414492995711591     
   5.0799996629357338        4.0913398157092260     
   5.1199996620416641        4.1370837727406427     
   5.1599996611475945        4.1782826362900476     
   5.1999996602535248        4.2144647078301718     
   5.2399996593594551        4.2450849710275156     
   5.2799996584653854        4.2695268176838219     
   5.3199996575713158        4.2871057935369699     
   5.3599996566772461        4.2970754852736581     
   5.3999996557831764        4.2986356479091432     
   5.4399996548891068        4.2909426461700901     
   5.4799996539950371        4.2731222546700787     
   5.5199996531009674        4.2442848295258120     
   5.5599996522068977        4.2035428286939167     
   5.5999996513128281        4.1500306198257375     
   5.6399996504187584        4.0829264729967409     
   5.6799996495246887        4.0014765914735806     
   5.7199996486306190        3.9050209869911887     
   5.7599996477365494        3.7930209571375570     
   5.7999996468424797        3.6650878717511777     
   5.8399996459484100        3.5210129231580733     
   5.8799996450543404        3.3607974421010751     
   5.9199996441602707        3.1846833279030906     
   5.9599996432662010        2.9931830883820338     
   5.9999996423721313        2.7871089329915741     
   6.0399996414780617        2.5676003123623388     
   6.0799996405839920        2.3361492496963474     
   6.1199996396899223        2.0946227652283618     
   6.1599996387958527        1.8452816551856981     
   6.1999996379017830        1.5907948523974300     
   6.2399996370077133        1.3342485680347218     
   6.2799996361136436        1.0791493940809183     
   6.3199996352195740       0.82942053526780279     
   6.3599996343255043       0.58939033866200596     
   6.3999996334314346       0.36377230017966522     
   6.4399996325373650       0.15763575142997746     
   6.4799996316432953       -2.3633531154783120E-002
   6.5199996307492256      -0.17438349851767773     
   6.5599996298551559      -0.28875741438371227     
   6.5999996289610863      -0.36076739527330520     
   6.6399996280670166      -0.38438033588560422     
   6.6799996271729469      -0.35361651844737724     
   6.7199996262788773      -0.26266104961485770     
   6.7599996253848076      -0.10598808944497283     
   6.7999996244907379       0.12150236730585066     
   6.8399996235966682       0.42433562770286359     
   6.8799996227025986       0.80630208248785273     
   6.9199996218085289        1.2702866456872479     
   6.9599996209144592        1.8180891771885659     
   6.9999996200203896        2.4502375542257169     
   7.0399996191263199        3.1657954260809378     
   7.0799996182322502        3.9621670816285341     
   7.1199996173381805        4.8349022804762853     
   7.1599996164441109        5.7775043437502500     
   7.1999996155500412        6.7812452677828530     
   7.2399996146559715        7.8349921102101305     
   7.2799996137619019        8.9250493996355171     
   7.3199996128678322        10.035022832620202     
   7.3599996119737625        11.145710039950918     
   7.3999996110796928        12.235024721519954     
   7.4399996101856232        13.277960958226753     
   7.4799996092915535        14.246605001297834     
   7.5199996083974838        15.110202304219463     
   7.5599996075034142        15.835287988408410     
   7.5999996066093445        16.385889307564085     
   7.6399996057152748        16.723808982209082     
   7.6799996048212051        16.808998498191691     
   7.7199996039271355        16.600030581645232     
   7.7599996030330658        16.054680056511884     
   7.7999996021389961        15.130622135108514     
   7.8399996012449265        13.786256860472644     
   7.8799996003508568        11.981667881467963     
   7.9199995994567871        9.6797229647410781     
   7.9599995985627174        6.8473225949665872     
   7.9999995976686478        3.4568016459751219     
   8.0399995967745781      -0.51251262416131327     
   8.0799995958805084       -5.0725851401064990     
   8.1199995949864388       -10.224801626605126     
   8.1599995940923691       -15.957945888671500     
   8.1999995931982994       -22.246034077319518     
   8.2399995923042297       -29.046018629790691     
   8.2799995914101601       -36.295379671839342     
   8.3199995905160904       -43.909627583535055     
   8.3599995896220207       -51.779747249447134     
   8.3999995887279510       -59.769622336834097     
   8.4399995878338814       -67.713486877594633     
   8.4799995869398117       -75.413461586108937     
   8.5199995860457420       -82.637243849810076     
   8.5599995851516724       -89.116033316478493     
   8.5999995842576027       -94.542789616544638     
   8.6399995833635330       -98.570935156079855     
   8.6799995824694633       -100.81363426455739     
   8.7199995815753937       -100.84380046169801     
   8.7599995806813240       -98.195006413826363     
   8.7999995797872543       -92.363496490946872     
   8.8399995788931847       -82.811529934973493     
   8.8799995779991150       -68.972313747174297     
   8.9199995771050453       -50.256818756251846     
   8.9599995762109756       -26.062810212664509     
   8.9999995753169060        4.2135340355497712     
   9.0399995744228363        41.162998880261689     
   9.0799995735287666        85.345231572401914     
   9.1199995726346970        137.26664122902707     
   9.1599995717406273        197.35371345381861     
   9.1999995708465576        265.92108928880418     
   9.2399995699524879        343.13368564521568     
   9.2799995690584183        428.96205576606070     
   9.3199995681643486        523.13010265913329     
   9.3599995672702789        625.05416528232502     
   9.3999995663762093        733.77239600565110     
   9.4399995654821396        847.86323792440385     
   9.4799995645880699        965.35169132574390     
   9.5199995636940002        1083.6019293502222     
   9.5599995627999306        1199.1946829308852     
   9.5999995619058609        1307.7876636868855     
   9.6399995610117912        1403.9571297978562     
   9.6799995601177216        1481.0185231502103     
   9.7199995592236519        1530.8239153313366     
   9.7599995583295822        1543.5337944119437     
   9.7999995574355125        1507.3605028990323     
   9.8399995565414429        1408.2803987077129     
   9.8799995556473732        1229.7115543741509     
   9.9199995547533035        952.15353383376282     
   9.9599995538592339        552.78548967555253     
   9.9999995529651642        5.0185055402940675     
